Counter	Image	class label	Myr	Viewpoint	Delta PA	v_asym	s_asym	resids	lambda_r	epsilon	A	A_2	deltapos	deltapos2
0	fg3_m12	1	1.66	0	6.48	0.04	0.06	10.21	0.34	0.13	11.71	10.78	0.0	0.21
1	fg3_m12	1	1.66	1	0.75	0.03	0.07	21.99	0.63	0.55	16.92	37.34	0.96	0.88
2	fg3_m12	1	1.66	2	1.81	0.05	0.07	26.4	0.53	0.37	5.95	7.49	0.3	0.48
3	fg3_m12	1	1.66	5	2.83	0.02	0.04	9.11	0.66	0.61	10.43	15.44	0.0	0.21
4	fg3_m12	1	1.76	0	12.19	0.05	0.09	11.41	0.37	0.11	19.03	21.18	0.3	0.21
5	fg3_m12	1	1.76	1	7.52	0.05	0.07	23.52	0.66	0.51	16.16	26.35	0.96	0.48
6	fg3_m12	1	1.76	2	4.13	0.05	0.05	22.65	0.66	0.32	13.91	35.79	1.09	0.21
7	fg3_m12	1	1.76	3	5.8	0.05	0.11	18.07	0.56	0.3	34.28	55.9	1.63	0.48
8	fg3_m12	1	1.76	4	34.22	0.07	0.07	10.67	0.46	0.06	9.52	14.6	0.86	0.21
9	fg3_m12	1	1.76	6	76.7	0.11	0.08	32.76	0.63	0.68	20.5	23.66	1.63	0.48
10	fg3_m12	1	1.81	0	16.6	0.06	0.04	17.79	0.42	0.3	19.37	34.39	0.43	0.21
11	fg3_m12	1	1.81	1	33.67	0.06	0.06	23.52	0.55	0.59	6.49	11.39	1.92	0.21
12	fg3_m12	1	1.81	2	68.62	0.04	0.06	28.67	0.54	0.16	15.06	25.0	0.43	0.21
13	fg3_m12	1	1.81	3	44.11	0.08	0.13	82.26	0.7	0.58	2.83	10.13	0.91	1.3
14	fg3_m12	1	1.81	4	47.83	0.35	0.07	11.92	0.32	0.27	36.72	43.98	3.54	0.21
15	fg3_m12	1	1.81	5	64.18	0.3	0.06	22.83	0.68	0.59	38.55	57.1	1.25	0.48
16	fg3_m12	1	1.81	6	15.55	0.07	0.07	96.85	0.55	0.6	28.46	61.81	1.55	1.56
17	fg3_m12	1	1.86	0	18.2	0.05	0.03	18.48	0.31	0.16	12.68	13.21	0.43	0.21
18	fg3_m12	1	1.86	1	36.49	0.07	0.05	13.37	0.53	0.4	25.13	40.23	0.91	0.48
19	fg3_m12	1	1.86	2	27.29	0.05	0.07	11.89	0.43	0.28	14.88	18.46	0.3	0.48
20	fg3_m12	1	1.86	3	12.06	0.1	0.09	15.12	0.57	0.57	9.86	26.1	0.61	1.07
21	fg3_m12	1	1.86	4	37.25	0.07	0.03	6.93	0.14	0.12	42.49	30.91	0.43	0.21
22	fg3_m12	1	1.86	6	74.2	0.1	0.08	13.09	0.52	0.66	5.48	13.16	2.5	0.48
23	fg3_m12	1	1.91	0	19.91	0.1	0.06	23.34	0.36	0.19	26.43	39.91	0.43	0.48
24	fg3_m12	1	1.91	2	6.75	0.06	0.04	12.26	0.45	0.34	11.65	30.37	0.3	0.21
25	fg3_m12	1	1.91	3	29.08	0.08	0.06	17.3	0.49	0.52	11.27	13.82	0.3	0.21
26	fg3_m12	1	1.91	4	33.83	0.1	0.08	8.95	0.16	0.09	4.85	5.17	0.3	0.21
27	fg3_m12	1	1.91	6	67.6	0.12	0.07	18.96	0.34	0.62	7.83	8.54	0.43	0.21
28	fg3_m12	1	2.0	0	1.24	0.06	0.06	19.37	0.39	0.27	14.45	12.36	0.3	0.21
30	fg3_m12	1	2.0	2	1.53	0.08	0.05	23.61	0.41	0.25	11.79	17.72	0.43	0.21
31	fg3_m12	1	2.0	3	0.5	0.17	0.06	23.68	0.27	0.3	24.18	16.95	0.3	0.48
32	fg3_m12	1	2.0	4	66.22	0.75	0.08	6.92	0.15	0.04	51.28	22.34	0.3	0.21
34	fg3_m12	1	2.0	6	31.9	0.12	0.12	14.31	0.59	0.55	27.79	35.21	1.25	0.21
35	fg3_m12	1	2.05	0	8.24	0.05	0.04	21.04	0.44	0.44	15.68	19.68	0.61	0.88
36	fg3_m12	1	2.05	1	33.17	0.08	0.06	22.15	0.18	0.34	26.5	40.63	0.43	0.88
37	fg3_m12	1	2.05	2	7.99	0.11	0.06	29.39	0.33	0.05	25.29	13.05	0.0	0.64
38	fg3_m12	1	2.05	3	32.13	0.12	0.05	26.05	0.35	0.32	3.69	5.77	0.3	0.64
39	fg3_m12	1	2.05	4	21.86	0.08	0.11	16.99	0.26	0.2	35.19	24.26	0.3	0.21
40	fg3_m12	1	2.05	5	5.85	0.14	0.05	49.66	0.43	0.55	31.99	27.92	0.96	1.68
41	fg3_m12	1	2.05	6	59.97	0.19	0.04	31.29	0.39	0.52	26.99	22.14	0.61	1.16
42	fg3_m12	1	2.15	0	17.5	0.06	0.02	16.92	0.33	0.34	21.47	19.13	0.0	0.21
43	fg3_m12	1	2.15	2	6.3	0.08	0.03	22.4	0.24	0.09	18.39	15.97	0.0	0.48
44	fg3_m12	1	2.15	3	6.64	0.1	0.09	15.21	0.2	0.24	18.53	15.77	0.61	0.77
45	fg3_m12	1	2.15	4	0.43	0.11	0.04	10.57	0.17	0.1	29.11	26.54	0.0	0.48
46	fg3_m12	1	2.15	5	3.87	0.05	0.02	24.28	0.34	0.42	56.57	48.1	0.0	0.77
47	fg3_m12	1	2.15	6	12.9	0.12	0.06	15.74	0.25	0.3	19.6	24.39	0.0	0.21
48	fg3_m12	1	2.2	1	8.0	0.14	0.07	12.32	0.14	0.11	26.77	17.48	0.43	0.77
49	fg3_m12	1	2.2	2	0.68	0.06	0.03	18.1	0.25	0.12	6.35	10.38	0.3	0.48
50	fg3_m12	1	2.2	3	4.36	0.11	0.06	27.7	0.16	0.22	17.24	11.81	0.0	0.21
51	fg3_m12	1	2.2	4	13.2	0.11	0.03	9.92	0.15	0.14	8.08	6.76	0.43	0.21
52	fg3_m12	1	2.2	5	2.09	0.06	0.03	25.24	0.33	0.46	29.73	33.9	0.0	0.77
53	fg3_m12	1	2.2	6	0.97	0.13	0.07	12.45	0.23	0.32	22.45	21.27	0.0	0.21
54	fg3_m12	1	2.25	0	10.1	0.11	0.05	18.6	0.28	0.39	46.68	37.45	0.3	0.21
55	fg3_m12	1	2.25	1	88.84	0.25	0.07	10.76	0.15	0.14	25.09	18.32	0.0	0.21
56	fg3_m12	1	2.25	2	1.24	0.07	0.03	22.1	0.24	0.09	2.88	4.48	0.61	0.77
57	fg3_m12	1	2.25	4	11.78	0.11	0.05	7.98	0.14	0.15	42.69	36.87	0.0	0.48
58	fg3_m12	1	2.25	5	6.33	0.04	0.03	19.14	0.34	0.47	7.32	11.01	0.3	0.48
59	fg3_m12	1	2.25	6	9.6	0.11	0.05	28.67	0.29	0.35	33.42	39.87	0.3	0.88
60	fg3_m12	1	2.35	0	5.19	0.12	0.05	16.57	0.26	0.37	28.82	42.98	0.3	0.21
61	fg3_m12	1	2.35	2	20.07	0.06	0.05	12.68	0.19	0.11	5.23	9.63	0.0	0.21
62	fg3_m12	1	2.35	3	4.21	0.09	0.05	15.11	0.13	0.23	17.58	24.19	0.3	0.21
63	fg3_m12	1	2.35	4	19.34	0.09	0.04	7.49	0.16	0.14	9.44	7.96	0.3	0.21
64	fg3_m12	1	2.35	5	8.53	0.06	0.04	21.86	0.37	0.48	35.06	59.37	0.3	0.48
65	fg3_m12	1	2.35	6	0.72	0.09	0.03	11.38	0.23	0.35	13.67	15.3	0.43	0.21
66	fg3_m12	1	2.44	0	13.55	0.07	0.07	18.71	0.29	0.38	18.97	14.18	0.43	0.48
67	fg3_m12	1	2.44	1	69.65	2.83	0.0	5.41	0.68	0.09	83.37	30.85	0.0	0.48
68	fg3_m12	1	2.54	0	0.54	0.08	0.06	16.47	0.26	0.35	38.2	36.86	0.3	0.48
69	fg3_m12	1	2.54	1	2.67	0.27	0.09	18.39	0.12	0.06	17.86	8.48	0.3	0.21
70	fg3_m12	1	2.54	2	16.41	0.05	0.06	19.85	0.28	0.14	10.84	15.11	0.43	0.21
71	fg3_m12	1	2.54	3	26.8	0.07	0.06	20.33	0.28	0.36	8.39	8.78	0.3	0.21
72	fg3_m12	1	2.54	4	1.51	0.09	0.04	8.92	0.19	0.09	4.19	5.54	0.3	0.48
73	fg3_m12	1	2.54	5	17.92	0.06	0.07	25.09	0.29	0.38	12.25	18.67	0.0	0.21
74	fg3_m12	1	2.54	6	7.7	0.05	0.02	10.28	0.34	0.41	24.92	46.01	0.3	0.21
75	fg3_m12	1	2.59	0	3.25	0.08	0.06	16.94	0.23	0.34	44.85	45.33	0.43	0.21
76	fg3_m12	1	2.59	1	4.65	0.19	0.05	18.51	0.14	0.09	41.49	29.02	0.0	0.21
77	fg3_m12	1	2.59	2	11.65	0.06	0.03	12.65	0.28	0.15	1.29	2.43	0.3	0.48
78	fg3_m12	1	2.59	3	7.7	0.05	0.05	15.18	0.3	0.38	15.22	13.76	0.43	0.21
79	fg3_m12	1	2.59	4	9.9	0.09	0.02	9.22	0.23	0.05	4.65	4.76	0.43	0.48
80	fg3_m12	1	2.59	5	32.44	0.08	0.06	16.03	0.29	0.31	12.11	23.94	0.3	0.21
81	fg3_m12	1	2.59	6	4.66	0.05	0.03	10.98	0.36	0.42	26.03	38.47	0.43	0.21
82	fg3_m12	1	2.69	0	1.87	0.04	0.06	17.09	0.23	0.33	12.7	15.68	0.0	0.21
83	fg3_m12	1	2.69	1	24.69	0.17	0.08	28.94	0.14	0.08	6.08	3.9	0.0	0.21
84	fg3_m12	1	2.69	2	1.57	0.06	0.05	11.91	0.27	0.14	3.67	5.12	0.61	0.77
85	fg3_m12	1	2.69	4	6.52	0.1	0.05	7.96	0.21	0.07	6.1	8.02	0.0	0.21
86	fg3_m12	1	2.69	5	7.62	0.09	0.07	29.7	0.27	0.3	18.66	19.54	0.43	0.21
87	fg3_m12	1	2.69	6	5.7	0.07	0.03	13.45	0.34	0.44	28.64	36.45	0.0	0.21
88	fg3_m12	1	2.79	1	33.54	0.14	0.08	17.1	0.16	0.06	22.22	13.32	0.0	0.21
89	fg3_m12	1	2.79	2	21.76	0.07	0.04	11.87	0.27	0.17	11.44	18.55	0.68	0.48
90	fg3_m12	1	2.79	3	3.83	0.06	0.02	15.26	0.33	0.46	15.5	27.47	0.43	0.48
91	fg3_m12	1	2.79	4	32.39	0.07	0.04	10.12	0.19	0.07	7.97	10.32	0.43	0.21
92	fg3_m12	1	2.79	5	34.78	0.07	0.06	18.95	0.22	0.29	8.3	11.38	0.0	0.21
93	fg3_m12	1	2.79	6	5.22	0.05	0.03	11.78	0.35	0.44	35.6	48.86	0.3	0.48
94	fg3_m12	1	3.62	0	15.72	0.06	0.05	21.21	0.31	0.35	31.27	25.0	0.43	0.21
95	fg3_m12	1	3.62	3	7.07	0.05	0.05	15.21	0.34	0.44	37.45	22.59	0.0	0.48
96	fg3_m12	1	3.62	5	2.65	0.04	0.04	28.95	0.38	0.41	10.28	12.26	0.0	0.21
97	fg3_m12	1	3.62	6	1.42	0.05	0.02	10.35	0.34	0.41	16.43	21.47	0.3	0.48
98	fg3_m12	1	4.6	0	2.68	0.07	0.04	23.61	0.35	0.37	17.75	16.46	0.3	0.21
99	fg3_m12	1	4.6	2	22.58	0.06	0.07	12.75	0.26	0.09	9.01	17.42	0.3	0.21
100	fg3_m12	1	4.6	3	8.8	0.06	0.05	13.45	0.31	0.41	10.95	10.8	0.43	0.48
101	fg3_m12	1	4.6	4	6.2	0.07	0.07	7.16	0.18	0.04	1.65	2.4	0.3	0.21
102	fg3_m12	1	4.6	5	25.97	0.05	0.06	30.34	0.33	0.33	14.05	24.35	0.3	0.21
103	fg3_m12	1	4.6	6	4.8	0.04	0.03	10.51	0.37	0.45	22.25	34.64	0.0	0.48
104	fg3_m12	1	5.18	0	5.02	0.07	0.06	25.64	0.31	0.34	16.81	12.34	0.3	0.48
105	fg3_m12	1	5.18	1	11.03	0.05	0.06	25.98	0.27	0.17	8.22	8.74	0.61	0.48
106	fg3_m12	1	5.18	3	3.39	0.08	0.04	15.17	0.31	0.43	17.38	10.96	0.0	0.21
107	fg3_m12	1	5.18	4	45.9	0.06	0.06	10.71	0.2	0.0	16.85	16.71	0.3	0.21
108	fg3_m12	1	5.18	5	0.01	0.06	0.06	26.02	0.34	0.32	15.23	17.66	0.3	0.21
109	fg3_m12	1	5.18	6	3.4	0.05	0.03	26.09	0.29	0.43	19.12	21.36	0.0	0.21
110	fg3_m12	1	5.57	0	2.65	0.09	0.04	25.14	0.29	0.29	15.65	17.34	0.3	0.48
111	fg3_m12	1	5.57	1	0.76	0.05	0.04	15.8	0.28	0.2	17.1	18.25	0.3	0.21
112	fg3_m12	1	5.57	2	11.44	0.05	0.08	22.64	0.24	0.07	5.69	7.03	0.3	0.21
113	fg3_m12	1	5.57	3	3.58	0.09	0.05	14.71	0.29	0.42	19.67	15.15	0.43	0.21
114	fg3_m12	1	5.57	6	3.69	0.06	0.04	10.98	0.29	0.44	20.53	14.45	0.0	0.48
115	fg3_m12	1	6.06	0	4.99	0.06	0.04	25.87	0.32	0.3	16.31	15.36	0.3	0.48
116	fg3_m12	1	6.06	1	2.02	0.06	0.03	12.08	0.29	0.18	11.39	8.96	0.3	0.21
117	fg3_m12	1	6.06	2	11.62	0.07	0.06	19.6	0.24	0.06	8.8	13.97	0.0	0.21
118	fg3_m12	1	6.06	3	3.77	0.08	0.04	13.38	0.29	0.42	33.48	26.0	0.3	0.48
119	fg3_m12	1	6.06	5	4.61	0.05	0.07	26.8	0.32	0.34	43.7	34.56	0.0	0.48
120	fg3_m12	1	6.06	6	1.21	0.03	0.03	10.78	0.33	0.46	5.11	5.04	0.3	0.21
121	fg3_m12	1	0.05	0	2.1	0.02	0.07	6.32	0.58	0.15	3.71	9.01	0.3	0.21
122	fg3_m12	1	0.05	1	9.36	0.07	0.09	21.37	0.82	0.85	1.36	0.11	6.68	0.21
123	fg3_m12	1	0.05	2	3.02	0.03	0.06	17.49	0.86	0.82	8.61	6.23	1.21	0.48
124	fg3_m12	1	0.05	4	2.4	0.03	0.1	8.11	0.78	0.2	9.74	19.44	1.21	0.21
125	fg3_m12	1	0.05	5	1.74	0.03	0.07	16.54	0.76	0.38	5.68	13.76	0.91	0.21
126	fg3_m12	1	0.05	6	16.14	0.06	0.09	18.98	0.84	0.84	6.06	7.43	7.31	0.21
127	fg3_m12	1	0.1	0	0.62	0.04	0.08	7.55	0.63	0.13	1.18	5.37	0.43	0.21
128	fg3_m12	1	0.1	1	9.21	0.05	0.06	16.87	0.84	0.85	10.65	7.61	3.46	0.21
129	fg3_m12	1	0.1	2	4.94	0.04	0.07	11.56	0.88	0.82	7.03	5.29	0.43	0.21
130	fg3_m12	1	0.1	3	3.28	0.03	0.08	10.33	0.79	0.28	4.86	9.23	0.96	0.48
131	fg3_m12	1	0.1	4	1.97	0.03	0.09	7.77	0.81	0.21	11.15	26.66	1.25	0.48
132	fg3_m12	1	0.1	5	1.36	0.02	0.07	7.98	0.77	0.39	2.28	8.23	0.3	0.21
133	fg3_m12	1	0.1	6	6.83	0.06	0.09	50.12	0.85	0.84	18.76	13.32	5.96	0.77
134	fg3_m12	1	0.2	0	0.95	0.03	0.08	6.48	0.61	0.14	3.98	9.71	0.96	0.64
135	fg3_m12	1	0.2	1	1.83	0.05	0.09	12.05	0.88	0.85	24.25	14.39	0.86	0.48
136	fg3_m12	1	0.2	2	0.61	0.04	0.05	11.63	0.87	0.82	2.7	1.42	7.06	0.21
137	fg3_m12	1	0.2	3	4.31	0.03	0.09	13.44	0.8	0.28	5.39	10.8	1.36	0.48
138	fg3_m12	1	0.2	4	4.13	0.03	0.1	6.36	0.83	0.2	4.12	11.2	0.91	0.48
139	fg3_m12	1	0.2	5	1.51	0.04	0.07	16.37	0.77	0.39	5.47	19.72	0.68	0.21
140	fg3_m12	1	0.2	6	0.8	0.07	0.08	17.68	0.86	0.84	32.16	19.17	2.43	0.77
141	fg3_m12	1	0.29	0	5.49	0.03	0.09	7.02	0.59	0.12	3.21	9.44	0.61	0.48
142	fg3_m12	1	0.29	1	6.17	0.07	0.09	17.57	0.86	0.85	7.52	4.6	3.05	0.48
143	fg3_m12	1	0.29	2	0.42	0.03	0.05	12.98	0.87	0.8	5.71	6.2	6.49	0.48
144	fg3_m12	1	0.29	3	2.98	0.04	0.1	8.93	0.85	0.29	14.23	28.09	1.52	0.21
145	fg3_m12	1	0.29	4	0.53	0.03	0.1	6.73	0.85	0.19	2.89	7.11	0.96	0.64
146	fg3_m12	1	0.29	5	0.53	0.03	0.07	17.76	0.78	0.4	6.35	21.74	0.3	0.21
147	fg3_m12	1	0.39	0	17.28	0.03	0.08	7.31	0.62	0.3	3.88	9.95	0.43	0.21
148	fg3_m12	1	0.39	1	12.11	0.06	0.07	18.94	0.89	0.38	14.42	26.18	4.13	0.21
149	fg3_m12	1	0.39	2	18.03	0.03	0.07	16.4	0.78	0.71	1.62	6.07	2.15	2.58
150	fg3_m12	1	0.39	3	10.14	0.04	0.11	12.95	0.92	0.4	21.19	44.34	1.92	0.48
151	fg3_m12	1	0.39	4	16.22	0.04	0.09	8.92	0.81	0.09	4.67	11.83	0.86	0.48
152	fg3_m12	1	0.39	5	4.88	0.02	0.07	10.64	0.79	0.31	8.05	25.2	0.61	0.21
153	fg3_m12	1	0.59	0	85.53	0.04	0.04	9.92	0.34	0.49	20.9	20.22	0.3	0.48
154	fg3_m12	1	0.59	1	12.31	0.08	0.09	31.84	0.66	0.7	10.95	9.63	0.61	1.3
155	fg3_m12	1	0.59	2	3.35	0.04	0.09	24.37	0.72	0.68	28.21	37.45	0.61	0.21
156	fg3_m12	1	0.59	3	20.01	0.05	0.06	13.02	0.67	0.58	6.16	13.74	0.61	0.48
157	fg3_m12	1	0.59	4	67.89	0.06	0.06	12.93	0.42	0.51	24.26	54.76	0.43	0.88
158	fg3_m12	1	0.59	5	23.28	0.05	0.05	23.66	0.64	0.59	13.21	22.4	0.43	0.48
159	fg3_m12	1	0.59	6	4.96	0.05	0.05	14.26	0.74	0.73	2.96	6.82	1.25	0.21
160	fg3_m12	1	0.78	0	12.9	0.08	0.11	10.65	0.32	0.06	9.19	7.65	0.0	0.21
161	fg3_m12	1	0.78	1	10.91	0.03	0.04	9.85	0.63	0.63	12.02	14.13	0.43	0.88
162	fg3_m12	1	0.78	2	2.46	0.04	0.05	28.04	0.55	0.49	8.15	11.28	0.3	0.21
163	fg3_m12	1	0.78	3	2.49	0.06	0.07	9.42	0.45	0.29	6.25	7.61	0.3	0.21
164	fg3_m12	1	0.78	5	0.55	0.03	0.07	25.65	0.52	0.45	11.0	12.36	0.3	0.21
165	fg3_m12	1	0.78	6	4.78	0.04	0.04	13.59	0.66	0.67	10.76	11.8	0.0	0.48
166	fg3_m12	1	0.98	0	1.4	0.04	0.06	8.66	0.35	0.14	4.55	3.71	0.43	0.64
167	fg3_m12	1	0.98	1	0.68	0.03	0.06	13.1	0.7	0.66	21.32	38.58	0.3	0.21
168	fg3_m12	1	0.98	2	4.05	0.04	0.07	22.72	0.62	0.45	9.6	21.28	0.3	0.21
169	fg3_m12	1	0.98	5	3.07	0.03	0.03	13.18	0.6	0.48	13.7	20.08	0.0	0.48
170	fg3_m12	1	0.98	6	0.8	0.04	0.05	16.92	0.7	0.66	11.64	13.55	1.94	0.21
171	fg3_m12	1	1.17	1	5.0	0.02	0.04	10.75	0.64	0.57	12.53	16.83	0.0	0.21
172	fg3_m12	1	1.17	2	1.54	0.04	0.06	15.27	0.48	0.44	12.14	16.71	0.3	0.21
173	fg3_m12	1	1.17	5	2.55	0.05	0.08	21.9	0.6	0.46	9.31	11.79	0.61	0.48
174	fg3_m12	1	1.17	6	4.44	0.03	0.05	9.23	0.7	0.69	12.33	15.7	0.43	0.21
175	fg3_m12	1	1.37	1	13.21	0.04	0.06	25.55	0.63	0.61	12.82	15.69	0.61	0.21
176	fg3_m12	1	1.37	2	0.3	0.04	0.06	15.57	0.52	0.35	11.93	14.25	0.3	0.21
177	fg3_m12	1	1.37	3	9.36	0.04	0.08	7.43	0.43	0.26	11.97	13.3	0.3	0.21
178	fg3_m12	1	1.37	4	24.34	0.06	0.07	6.58	0.25	0.06	19.51	15.61	0.0	0.21
179	fg3_m12	1	1.37	5	0.17	0.02	0.04	10.43	0.52	0.48	9.68	14.28	0.61	0.77
180	fg3_m12	1	1.37	6	0.73	0.04	0.07	17.24	0.72	0.69	18.24	42.21	0.68	0.77
181	fg3_m12	1	1.56	0	7.0	0.04	0.07	9.67	0.33	0.12	5.0	8.44	0.3	0.21
182	fg3_m12	1	1.56	1	0.68	0.04	0.07	15.36	0.61	0.53	15.08	32.25	0.43	0.21
183	fg3_m12	1	1.56	2	0.02	0.02	0.05	9.38	0.6	0.39	8.81	10.7	0.43	0.48
184	fg3_m12	1	1.56	3	0.26	0.04	0.08	7.76	0.46	0.28	4.7	5.83	0.0	0.21
185	fg3_m12	1	1.56	5	2.78	0.02	0.04	9.04	0.63	0.57	17.58	33.45	0.0	0.21
186	fg3_m12	1	1.56	6	2.78	0.04	0.05	23.62	0.71	0.68	25.41	30.19	0.43	0.21
0	fg3_m12_iso0.5_rotated	0	0.05	0	5.94	0.04	0.07	10.77	0.74	0.29	4.21	14.65	0.3	0.21
1	fg3_m12_iso0.5_rotated	0	0.05	1	45.45	0.07	0.07	18.53	0.83	0.5	5.2	19.44	0.3	0.21
2	fg3_m12_iso0.5_rotated	0	0.05	2	1.44	0.03	0.06	10.99	0.79	0.49	3.19	12.62	0.43	0.48
3	fg3_m12_iso0.5_rotated	0	0.05	3	2.14	0.03	0.06	11.79	0.83	0.5	7.09	21.22	0.3	0.21
4	fg3_m12_iso0.5_rotated	0	0.05	4	75.17	0.14	0.07	7.43	0.33	0.02	11.81	8.85	0.3	0.21
5	fg3_m12_iso0.5_rotated	0	0.05	5	45.9	0.13	0.08	9.24	0.34	0.01	30.92	50.56	0.3	0.88
6	fg3_m12_iso0.5_rotated	0	0.05	6	6.71	0.12	0.08	6.52	0.34	0.03	24.14	26.74	0.68	0.48
7	fg3_m12_iso0.5_rotated	0	0.1	0	2.07	0.05	0.07	11.03	0.76	0.27	5.6	13.19	0.43	0.21
8	fg3_m12_iso0.5_rotated	0	0.1	1	2.22	0.03	0.07	10.15	0.8	0.49	10.62	26.48	0.43	0.48
9	fg3_m12_iso0.5_rotated	0	0.1	2	2.55	0.03	0.06	11.86	0.78	0.5	13.0	35.47	0.3	0.64
10	fg3_m12_iso0.5_rotated	0	0.1	3	2.44	0.03	0.06	10.71	0.82	0.51	10.7	35.74	0.3	0.21
11	fg3_m12_iso0.5_rotated	0	0.1	4	82.91	0.11	0.06	8.6	0.38	0.01	24.18	22.59	0.3	0.21
12	fg3_m12_iso0.5_rotated	0	0.1	5	2.32	0.27	0.11	9.9	0.38	0.03	27.74	23.48	0.61	0.88
13	fg3_m12_iso0.5_rotated	0	0.1	6	0.67	0.09	0.07	7.57	0.34	0.04	13.36	23.6	0.43	0.64
14	fg3_m12_iso0.5_rotated	0	0.29	0	2.45	0.04	0.07	9.48	0.75	0.3	7.63	17.16	0.3	0.77
15	fg3_m12_iso0.5_rotated	0	0.29	1	8.63	0.04	0.07	11.87	0.81	0.51	3.61	9.21	0.43	0.21
16	fg3_m12_iso0.5_rotated	0	0.29	2	13.61	0.04	0.09	12.97	0.8	0.51	26.29	30.17	0.96	0.64
17	fg3_m12_iso0.5_rotated	0	0.29	3	0.61	0.04	0.07	12.04	0.82	0.48	9.51	19.17	0.3	0.21
18	fg3_m12_iso0.5_rotated	0	0.29	4	2.35	0.08	0.08	6.02	0.4	0.08	26.33	25.54	0.61	0.77
19	fg3_m12_iso0.5_rotated	0	0.29	5	63.09	0.13	0.11	7.49	0.37	0.06	29.11	32.12	0.3	0.77
20	fg3_m12_iso0.5_rotated	0	0.29	6	80.9	0.13	0.11	7.21	0.39	0.05	10.61	12.91	0.43	0.48
21	fg3_m12_iso0.5_rotated	0	0.49	0	13.0	0.05	0.06	9.29	0.75	0.25	1.84	6.62	0.91	0.77
22	fg3_m12_iso0.5_rotated	0	0.49	1	11.78	0.05	0.09	12.47	0.79	0.49	21.21	44.07	0.96	0.88
23	fg3_m12_iso0.5_rotated	0	0.49	2	4.45	0.05	0.06	16.56	0.78	0.5	8.62	15.21	1.09	0.64
24	fg3_m12_iso0.5_rotated	0	0.49	3	2.92	0.03	0.07	18.42	0.82	0.52	12.41	13.5	0.3	0.77
25	fg3_m12_iso0.5_rotated	0	0.49	4	63.79	0.08	0.09	8.12	0.39	0.06	42.06	35.5	0.91	1.37
26	fg3_m12_iso0.5_rotated	0	0.49	5	22.7	0.24	0.1	10.36	0.36	0.08	25.32	42.38	0.86	0.77
27	fg3_m12_iso0.5_rotated	0	0.49	6	10.01	0.14	0.07	6.39	0.38	0.09	31.87	27.88	1.09	1.5
28	fg3_m12_iso0.5_rotated	0	1.96	0	15.04	0.05	0.09	11.75	0.72	0.27	4.47	15.53	0.3	0.21
29	fg3_m12_iso0.5_rotated	0	1.96	1	8.09	0.04	0.07	14.24	0.77	0.49	15.45	27.09	0.43	0.48
30	fg3_m12_iso0.5_rotated	0	1.96	2	11.6	0.04	0.08	13.62	0.77	0.47	21.31	26.98	0.0	0.21
31	fg3_m12_iso0.5_rotated	0	1.96	3	0.07	0.03	0.04	12.21	0.76	0.45	13.59	24.63	0.43	0.64
32	fg3_m12_iso0.5_rotated	0	1.96	6	7.8	0.12	0.07	5.33	0.29	0.07	23.23	17.2	0.0	0.21
0	fg3_m12_iso1_rotated	0	0.05	0	0.82	0.03	0.05	10.45	0.73	0.27	9.3	34.91	0.3	0.48
1	fg3_m12_iso1_rotated	0	0.05	1	8.88	0.04	0.04	15.36	0.84	0.5	6.09	24.06	0.61	0.48
2	fg3_m12_iso1_rotated	0	0.05	2	2.16	0.03	0.05	10.16	0.84	0.51	13.68	52.35	0.61	0.21
3	fg3_m12_iso1_rotated	0	0.05	3	0.84	0.03	0.04	10.6	0.84	0.51	12.85	42.58	0.0	0.21
4	fg3_m12_iso1_rotated	0	0.05	4	33.51	0.09	0.05	6.05	0.29	0.01	9.54	16.69	0.68	1.07
5	fg3_m12_iso1_rotated	0	0.05	5	8.29	0.1	0.05	7.58	0.29	0.03	20.6	42.81	0.43	0.77
6	fg3_m12_iso1_rotated	0	0.05	6	87.91	0.26	0.06	8.7	0.29	0.02	10.93	13.17	0.86	0.88
7	fg3_m12_iso1_rotated	0	0.1	0	1.8	0.03	0.05	10.28	0.76	0.28	6.49	27.42	0.43	0.64
8	fg3_m12_iso1_rotated	0	0.1	1	7.45	0.03	0.05	14.13	0.84	0.5	7.05	22.31	1.25	1.07
9	fg3_m12_iso1_rotated	0	0.1	2	2.67	0.03	0.05	11.38	0.85	0.51	7.95	27.15	0.43	0.48
10	fg3_m12_iso1_rotated	0	0.1	3	1.41	0.03	0.04	10.99	0.84	0.51	11.41	42.51	1.25	1.37
11	fg3_m12_iso1_rotated	0	0.1	4	40.1	0.09	0.05	6.33	0.31	0.01	14.39	29.32	0.3	0.21
12	fg3_m12_iso1_rotated	0	0.1	5	41.9	0.11	0.06	6.89	0.29	0.03	17.0	32.66	0.43	0.48
13	fg3_m12_iso1_rotated	0	0.1	6	31.52	0.08	0.05	6.43	0.32	0.02	5.95	7.94	0.0	0.21
14	fg3_m12_iso1_rotated	0	0.2	0	1.13	0.02	0.05	9.5	0.76	0.28	5.35	21.27	0.43	0.48
15	fg3_m12_iso1_rotated	0	0.2	1	1.17	0.02	0.04	10.63	0.85	0.49	3.14	18.7	0.3	0.48
16	fg3_m12_iso1_rotated	0	0.2	2	1.05	0.02	0.04	9.98	0.84	0.51	10.07	32.53	1.09	0.21
17	fg3_m12_iso1_rotated	0	0.2	3	5.5	0.05	0.05	16.55	0.83	0.51	6.35	22.18	1.63	1.16
18	fg3_m12_iso1_rotated	0	0.2	4	86.06	0.11	0.07	6.7	0.31	0.0	14.01	24.67	0.0	0.48
19	fg3_m12_iso1_rotated	0	0.2	5	21.37	0.07	0.06	6.22	0.33	0.02	11.71	23.38	0.0	0.21
20	fg3_m12_iso1_rotated	0	0.2	6	25.97	0.07	0.07	7.44	0.33	0.03	15.86	30.07	0.43	1.07
21	fg3_m12_iso1_rotated	0	0.29	0	1.61	0.04	0.04	10.58	0.77	0.28	8.92	36.51	0.68	0.21
22	fg3_m12_iso1_rotated	0	0.29	1	1.08	0.03	0.04	10.83	0.83	0.5	7.21	17.06	0.43	0.21
23	fg3_m12_iso1_rotated	0	0.29	2	1.25	0.03	0.04	10.5	0.82	0.51	2.62	12.9	0.3	0.48
24	fg3_m12_iso1_rotated	0	0.29	3	6.72	0.03	0.05	14.18	0.85	0.51	11.23	42.05	0.3	0.21
25	fg3_m12_iso1_rotated	0	0.29	4	41.58	0.07	0.08	5.87	0.31	0.02	7.54	16.72	0.3	0.48
26	fg3_m12_iso1_rotated	0	0.39	0	2.77	0.02	0.04	9.91	0.77	0.29	6.03	24.8	0.0	0.48
27	fg3_m12_iso1_rotated	0	0.39	1	1.63	0.02	0.04	10.27	0.85	0.51	18.23	46.94	0.86	0.21
28	fg3_m12_iso1_rotated	0	0.39	2	3.91	0.03	0.05	13.73	0.83	0.52	10.06	22.59	0.68	0.21
29	fg3_m12_iso1_rotated	0	0.39	3	8.9	0.03	0.03	16.92	0.81	0.5	8.03	18.27	0.0	0.21
30	fg3_m12_iso1_rotated	0	0.39	4	63.9	0.12	0.07	7.23	0.32	0.03	26.9	29.36	0.3	0.77
31	fg3_m12_iso1_rotated	0	0.39	5	59.53	0.13	0.08	5.77	0.35	0.03	19.54	25.04	0.43	0.21
32	fg3_m12_iso1_rotated	0	0.39	6	33.98	0.13	0.06	7.81	0.33	0.01	8.33	15.53	0.3	0.64
33	fg3_m12_iso1_rotated	0	0.49	0	0.57	0.04	0.04	16.7	0.78	0.29	14.84	60.63	0.3	0.48
34	fg3_m12_iso1_rotated	0	0.49	1	1.43	0.03	0.04	10.33	0.83	0.51	8.27	18.61	0.3	0.21
35	fg3_m12_iso1_rotated	0	0.49	2	1.25	0.02	0.04	11.47	0.82	0.5	11.2	17.62	0.86	0.21
36	fg3_m12_iso1_rotated	0	0.49	3	7.77	0.05	0.04	22.19	0.84	0.51	11.39	18.61	0.61	0.21
37	fg3_m12_iso1_rotated	0	0.49	4	15.4	0.06	0.08	5.21	0.34	0.02	7.49	17.35	0.3	0.21
38	fg3_m12_iso1_rotated	0	0.49	5	59.74	0.07	0.05	5.64	0.33	0.01	7.08	10.75	0.3	0.48
39	fg3_m12_iso1_rotated	0	0.49	6	18.9	0.09	0.06	5.76	0.36	0.03	19.5	41.95	0.3	0.48
40	fg3_m12_iso1_rotated	0	0.59	0	1.56	0.02	0.04	9.72	0.77	0.29	11.23	48.69	0.43	0.48
41	fg3_m12_iso1_rotated	0	0.59	1	17.3	0.05	0.05	20.2	0.83	0.5	8.57	22.28	0.3	0.21
42	fg3_m12_iso1_rotated	0	0.59	2	2.28	0.03	0.04	11.35	0.85	0.52	8.91	27.57	0.43	0.48
43	fg3_m12_iso1_rotated	0	0.59	3	0.91	0.04	0.04	10.83	0.82	0.5	18.88	31.13	0.68	0.77
44	fg3_m12_iso1_rotated	0	0.59	4	21.55	0.09	0.06	6.22	0.33	0.03	7.85	12.53	0.0	0.48
45	fg3_m12_iso1_rotated	0	0.59	5	36.48	0.08	0.06	5.96	0.33	0.03	13.7	26.47	0.3	0.48
46	fg3_m12_iso1_rotated	0	0.59	6	33.6	0.08	0.06	5.77	0.36	0.01	8.95	11.36	0.3	0.48
47	fg3_m12_iso1_rotated	0	0.98	0	4.72	0.03	0.04	10.09	0.78	0.29	7.58	21.41	0.3	0.48
48	fg3_m12_iso1_rotated	0	0.98	1	9.6	0.04	0.05	17.01	0.81	0.5	17.75	36.09	0.86	1.16
49	fg3_m12_iso1_rotated	0	0.98	2	3.03	0.04	0.05	18.87	0.83	0.51	4.18	12.87	0.3	0.48
50	fg3_m12_iso1_rotated	0	0.98	3	1.04	0.02	0.04	11.03	0.83	0.5	10.71	24.84	0.3	0.48
51	fg3_m12_iso1_rotated	0	0.98	4	35.41	0.07	0.06	5.53	0.32	0.04	17.75	34.14	0.3	0.48
52	fg3_m12_iso1_rotated	0	0.98	5	69.25	0.1	0.07	7.05	0.35	0.04	7.44	13.91	0.0	0.21
53	fg3_m12_iso1_rotated	0	0.98	6	82.3	0.08	0.06	5.63	0.34	0.01	17.94	48.49	0.3	0.48
54	fg3_m12_iso1_rotated	0	1.96	0	9.37	0.02	0.03	10.73	0.72	0.33	13.63	39.48	0.3	0.48
55	fg3_m12_iso1_rotated	0	1.96	1	4.05	0.04	0.04	15.31	0.8	0.53	16.9	48.58	0.96	1.44
56	fg3_m12_iso1_rotated	0	1.96	2	4.08	0.03	0.04	11.95	0.81	0.47	10.46	19.35	0.96	0.88
57	fg3_m12_iso1_rotated	0	1.96	3	20.3	0.04	0.05	18.01	0.82	0.51	13.43	19.11	0.43	0.21
58	fg3_m12_iso1_rotated	0	1.96	4	20.73	0.1	0.04	7.31	0.33	0.15	17.83	31.37	0.43	0.48
59	fg3_m12_iso1_rotated	0	1.96	5	83.77	0.07	0.04	6.06	0.3	0.13	10.91	21.05	0.43	0.21
60	fg3_m12_iso1_rotated	0	1.96	6	45.9	0.08	0.05	6.27	0.31	0.15	9.26	16.02	0.3	0.64
